THING -5.00 10.00 1.000 20.000 19 152 236
SPIKE 5.000 0.500 0.333 0.500 255 0 0
SPIKE 6.000 0.500 0.333 0.500 255 165 0
SPIKE 7.000 0.500 0.333 0.500 255 255 0
SPIKE 8.000 0.500 0.333 0.500 0 128 0
SPIKE 9.000 0.500 0.333 0.500 0 0 255
SPIKE 10.00 1.500 0.333 0.500 75 0 130
SPIKE 11.00 1.500 0.333 0.500 238 130 238
SPIKE 12.000 1.500 0.333 0.500 255 0 0
SPIKE 13.000 1.500 0.333 0.500 255 165 0
SPIKE 14.000 1.500 0.333 0.500 255 255 0
SPIKE 15.000 2.500 0.333 0.500 0 128 0
SPIKE 16.000 2.500 0.333 0.500 0 0 255
SPIKE 17.00 2.500 0.333 0.500 75 0 130
SPIKE 18.00 2.500 0.333 0.500 238 130 238
SPIKE 19.000 2.500 0.333 0.500 255 0 0
SPIKE 20.000 3.500 0.333 0.500 255 165 0
SPIKE 21.000 3.500 0.333 0.500 255 255 0
SPIKE 22.000 3.500 0.333 0.500 0 128 0
SPIKE 23.000 3.500 0.333 0.500 0 0 255
SPIKE 24.00 3.500 0.333 0.500 75 0 130
SPIKE 25.00 4.500 0.333 0.500 238 130 238
SPIKE 26.000 4.500 0.333 0.500 255 0 0
SPIKE 27.000 4.500 0.333 0.500 255 165 0
SPIKE 28.000 4.500 0.333 0.500 255 255 0
SPIKE 29.000 4.500 0.333 0.500 0 128 0
SPIKE 30.000 5.500 0.333 0.500 0 0 255
SPIKE 31.00 5.500 0.333 0.500 75 0 130
SPIKE 32.00 5.500 0.333 0.500 238 130 238
SPIKE 33.000 5.500 0.333 0.500 255 0 0
SPIKE 34.000 5.500 0.333 0.500 255 165 0
SPIKE 35.000 6.500 0.333 0.500 255 255 0
SPIKE 36.000 6.500 0.333 0.500 0 128 0
SPIKE 37.000 6.500 0.333 0.500 0 0 255
SPIKE 38.00 6.500 0.333 0.500 75 0 130
SPIKE 39.00 6.500 0.333 0.500 238 130 238
SPIKE 40.000 7.500 0.333 0.500 255 0 0
SPIKE 41.000 7.500 0.333 0.500 255 165 0
SPIKE 42.000 7.500 0.333 0.500 255 255 0
SPIKE 43.000 7.500 0.333 0.500 0 128 0
SPIKE 44.000 7.500 0.333 0.500 0 0 255
SPIKE 45.00 8.500 0.333 0.500 75 0 130
SPIKE 46.00 8.500 0.333 0.500 238 130 238
SPIKE 47.000 8.500 0.333 0.500 255 0 0
SPIKE 48.000 8.500 0.333 0.500 255 165 0
SPIKE 49.000 8.500 0.333 0.500 255 255 0 
SPIKE 55.000 10.500 0.333 0.500 255 165 0
SPIKE 56.000 10.500 0.333 0.500 255 255 0
SPIKE 57.000 10.500 0.333 0.500 0 128 0
SPIKE 58.000 10.500 0.333 0.500 0 0 255
SPIKE 59.00 10.500 0.333 0.500 75 0 130
SPIKE 60.00 11.500 0.333 0.500 238 130 238
SPIKE 61.000 11.500 0.333 0.500 255 0 0
SPIKE 62.000 11.500 0.333 0.500 255 165 0
SPIKE 63.000 11.500 0.333 0.500 255 255 0
SPIKE 64.000 11.500 0.333 0.500 0 128 0
SPIKE 65.000 12.500 0.333 0.500 0 0 255
SPIKE 66.00 12.500 0.333 0.500 75 0 130
SPIKE 67.00 12.500 0.333 0.500 238 130 238
SPIKE 68.000 12.500 0.333 0.500 255 0 0
SPIKE 69.000 12.500 0.333 0.500 255 165 0


THING 3.500 0.500 2.000 1.000 255 200 100
THING 8.500 1.500 2.000 1.000 255 200 100
THING 13.500 2.500 2.000 1.000 255 200 100
THING 18.500 3.500 2.000 1.000 255 200 100
THING 23.500 4.500 2.000 1.000 255 200 100
THING 28.500 5.500 2.000 1.000 255 200 100
THING 33.500 6.500 2.000 1.000 255 200 100
THING 38.500 7.500 2.000 1.000 255 200 100
THING 43.500 8.500 2.000 1.000 255 200 100
THING 48.500 9.500 2.000 1.000 255 200 100
THING 53.500 10.500 2.000 1.000 255 200 100
THING 58.500 11.500 2.000 1.000 255 200 100
THING 63.500 12.500 2.000 1.000 255 200 100
THING 68.500 13.500 2.000 1.000 255 200 100

THING 49.00 4.500 1.000 9.000 19 152 236
THING 55.00 4.500 1.000 9.000 19 152 236
THING 69.00 6.5 1.000 13.00 19 152 236
THING 100.00 10.00 1.000 20.000 19 152 236
BUTTON 75.0 0.250 1

BUTTON 52.000 0.250 2