THING -10.000 5.000 1.000 10.000 140 140 140
THING -16.00 10.00 1.000 20.000 19 152 236
THING 6.500 4.125 0.500 0.250 140 140 140
SPIKE 4.000 0.500 0.333 0.500 236 103 19
SPIKE 5.000 0.500 0.333 0.500 236 103 19
SPIKE 6.000 0.500 0.333 0.500 236 103 19
SPIKE 7.000 0.500 0.333 0.500 236 103 19
SPIKE 8.000 0.500 0.333 0.500 236 103 19
SPIKE 9.000 0.500 0.333 0.500 236 103 19
SPIKE 10.00 0.500 0.333 0.500 236 103 19


THING 14.000 1.875 1.000 0.250 140 140 140
SPIKE 13.000 0.500 0.333 0.500 236 103 19
SPIKE 14.000 0.500 0.333 0.500 236 103 19
SPIKE 15.000 0.500 0.333 0.500 236 103 19
SPIKE 16.000 0.500 0.333 0.500 236 103 19
SPIKE 17.000 0.500 0.333 0.500 236 103 19
SPIKE 18.000 0.500 0.333 0.500 236 103 19
SPIKE 19.000 0.500 0.333 0.500 236 103 19
SPIKE 20.000 0.500 0.333 0.500 236 103 19
SPIKE 21.000 0.500 0.333 0.500 236 103 19
THING 22.750 1.875 0.500 0.125 140 140 140


SPIKE 22.000 0.500 0.333 0.500 236 103 19
SPIKE 23.000 0.500 0.333 0.500 236 103 19
SPIKE 24.000 0.500 0.333 0.500 236 103 19
SPIKE 25.000 0.500 0.333 0.500 236 103 19
SPIKE 26.000 0.500 0.333 0.500 236 103 19
SPIKE 27.000 0.500 0.333 0.500 236 103 19
SPIKE 28.000 0.500 0.333 0.500 236 103 19
SPIKE 29.000 0.500 0.333 0.500 236 103 19
SPIKE 30.000 0.500 0.333 0.500 236 103 19
SPIKE 31.000 0.500 0.333 0.500 236 103 19
THING 32.000 10.00 1.000 20.000 19 152 236
THING 25.100 3.500 0.200 1.000 140 140 140

THING 16.500 4.875 0.500 0.250 140 140 140
THING 0.000 3.5 0.125 0.125 140 140 140

THING -4.500 5.500 0.500 0.125 140 140 140
THING -4.500 7.000 0.500 0.125 140 140 140
THING -4.500 8.500 0.500 0.125 140 140 140


SPIKE -6.000 0.500 0.333 0.500 236 103 19
SPIKE -7.000 0.500 0.333 0.500 236 103 19
SPIKE -9.000 0.500 0.333 0.500 236 103 19
SPIKE -10.000 0.500 0.333 0.500 236 103 19
SPIKE -11.000 0.500 0.333 0.500 236 103 19
SPIKE -12.000 0.500 0.333 0.500 236 103 19
SPIKE -13.000 0.500 0.333 0.500 236 103 19
SPIKE -14.000 0.500 0.333 0.500 236 103 19
SPIKE -15.000 0.500 0.333 0.500 236 103 19
BUTTON -8.000 0.250 1