THING 1 0.75 0.5 0.5 140 140 140
THING 2 1.75 0.5 0.5 140 140 140

SPIKE 5.000 0.500 0.333 0.500 255 0 0
SPIKE 6.000 0.500 0.333 0.500 255 0 0
SPIKE 7.000 0.500 0.333 0.500 255 0 0
SPIKE 8.000 0.500 0.333 0.500 255 0 0
SPIKE 9.000 0.500 0.333 0.500 255 0 0
SPIKE 10.000 0.500 0.333 0.500 255 0 0
SPIKE 11.000 0.500 0.333 0.500 255 0 0
SPIKE 12.000 0.500 0.333 0.500 255 0 0
SPIKE 13.000 0.500 0.333 0.500 255 0 0
SPIKE 14.000 0.500 0.333 0.500 255 0 0
SPIKE 15.000 0.500 0.333 0.500 255 0 0
SPIKE 16.000 0.500 0.333 0.500 255 0 0
SPIKE 17.000 0.500 0.333 0.500 255 0 0
SPIKE 18.000 0.500 0.333 0.500 255 0 0
SPIKE 19.000 0.500 0.333 0.500 255 0 0
SPIKE 20.000 0.500 0.333 0.500 255 0 0
SPIKE 21.000 0.500 0.333 0.500 255 0 0
SPIKE 22.000 0.500 0.333 0.500 255 0 0
SPIKE 23.000 0.500 0.333 0.500 255 0 0
SPIKE 24.000 0.500 0.333 0.500 255 0 0
SPIKE 25.000 0.500 0.333 0.500 255 0 0
SPIKE 26.000 0.500 0.333 0.500 255 0 0
SPIKE 27.000 0.500 0.333 0.500 255 0 0
SPIKE 28.000 0.500 0.333 0.500 255 0 0
SPIKE 29.000 0.500 0.333 0.500 255 0 0
SPIKE 30.000 0.500 0.333 0.500 255 0 0
SPIKE 31.000 0.500 0.333 0.500 255 0 0
SPIKE 32.000 0.500 0.333 0.500 255 0 0
SPIKE 33.000 0.500 0.333 0.500 255 0 0
SPIKE 34.000 0.500 0.333 0.500 255 0 0
SPIKE 35.000 0.500 0.333 0.500 255 0 0
SPIKE 36.000 0.500 0.333 0.500 255 0 0
SPIKE 37.000 0.500 0.333 0.500 255 0 0
SPIKE 38.000 0.500 0.333 0.500 255 0 0
SPIKE 39.000 0.500 0.333 0.500 255 0 0
SPIKE 40.000 0.500 0.333 0.500 255 0 0
SPIKE 41.000 0.500 0.333 0.500 255 0 0
SPIKE 42.000 0.500 0.333 0.500 255 0 0
SPIKE 43.000 0.500 0.333 0.500 255 0 0

THING 44 1 1 1 150 150 150

BUTTON 60.000 0.250 1