THING 0 63 3 0.25 120 120 120

THING 6 63.25 3 1 -1 -1 -1

THING 12 65.25 2 1 -1 -1 -1
SPIKE 12 66.25 0.333 0.500 255 0 0

THING 14.5 64.25 1.5 1 -1 -1 -1

THING 17.5 63 3 1 -1 -1 -1

THING 19 65.25 2 1 -1 -1 -1
SPIKE 19 66.25 0.333 0.500 255 0 0

THING 23 64.25 2 1 -1 -1 -1
SPIKE 22.5 65.25 0.333 0.500 255 0 0

THING 26 63 3 1 -1 -1 -1
SPIKE 27 64 0.333 0.500 255 0 0

THING 30.5 63 3 1 -1 -1 -1
SPIKE 29.5 64 0.333 0.500 255 0 0
SPIKE 30.5 64 0.333 0.500 255 0 0

THING 35 64.5 3 1 -1 -1 -1
SPIKE 35 65.5 0.333 0.500 255 0 0
SPIKE 36 65.5 0.333 0.500 255 0 0

THING 39.5 63 3 1 -1 -1 -1
SPIKE 39 64 0.333 0.500 255 0 0

THING 44 64.5 3 1 -1 -1 -1
SPIKE 45 65.5 0.333 0.500 255 0 0

THING 48.5 63 3 1 -1 -1 -1
SPIKE 49.5 64 0.333 0.500 255 0 0

THING 53 64.5 3 1 -1 -1 -1
SPIKE 54 65.5 0.333 0.500 255 0 0

THING 57.5 63 1 1 -1 -1 -1
SPIKE 57.5 64 0.333 0.500 255 0 0

THING 62 64.5 3 1 -1 -1 -1
SPIKE 63 65.5 0.333 0.500 255 0 0

THING 66.5 63 1.5 1 -1 -1 -1
SPIKE 66.5 64 0.333 0.500 255 0 0

THING 71 64.5 3 1 -1 -1 -1
BUTTON 71 65.25 1