THING 4.000 0.500 1.000 1.000 140 140 140
THING 8.000 1.000 1.000 2.000 140 140 140
THING 12.000 1.500 1.000 3.000 140 140 140
THING 16.000 2.000 1.000 4.000 140 140 140
THING 20.000 2.500 1.000 5.000 140 140 140
THING 24.000 3.000 1.000 6.000 140 140 140
THING 28.000 3.500 1.000 7.000 140 140 140
THING 32.000 4.000 1.000 8.000 140 140 140
THING 36.000 4.500 1.000 9.000 140 140 140
THING 40.000 5.000 1.000 10.000 140 140 140
SPIKE 5.000 0.500 0.333 0.500 236 103 19
SPIKE 6.000 0.500 0.333 0.500 236 103 19
SPIKE 7.000 0.500 0.333 0.500 236 103 19
SPIKE 9.000 0.500 0.333 0.500 236 103 19
SPIKE 10.000 0.500 0.333 0.500 236 103 19
SPIKE 11.000 0.500 0.333 0.500 236 103 19
SPIKE 13.000 0.500 0.333 0.500 236 103 19
SPIKE 14.000 0.500 0.333 0.500 236 103 19
SPIKE 15.000 0.500 0.333 0.500 236 103 19
SPIKE 17.000 0.500 0.333 0.500 236 103 19
SPIKE 18.000 0.500 0.333 0.500 236 103 19
SPIKE 19.000 0.500 0.333 0.500 236 103 19
SPIKE 21.000 0.500 0.333 0.500 236 103 19
SPIKE 22.000 0.500 0.333 0.500 236 103 19
SPIKE 23.000 0.500 0.333 0.500 236 103 19
SPIKE 25.000 0.500 0.333 0.500 236 103 19
SPIKE 26.000 0.500 0.333 0.500 236 103 19
SPIKE 27.000 0.500 0.333 0.500 236 103 19
SPIKE 29.000 0.500 0.333 0.500 236 103 19
SPIKE 30.000 0.500 0.333 0.500 236 103 19
SPIKE 31.000 0.500 0.333 0.500 236 103 19
SPIKE 33.000 0.500 0.333 0.500 236 103 19
SPIKE 34.000 0.500 0.333 0.500 236 103 19
SPIKE 35.000 0.500 0.333 0.500 236 103 19
SPIKE 37.000 0.500 0.333 0.500 236 103 19
SPIKE 38.000 0.500 0.333 0.500 236 103 19
SPIKE 39.000 0.500 0.333 0.500 236 103 19
SPIKE 41.000 0.500 0.333 0.500 236 103 19
SPIKE 42.000 0.500 0.333 0.500 236 103 19
SPIKE 43.000 0.500 0.333 0.500 236 103 19
BUTTON 60.000 0.250 1
BUTTON 80.000 0.250 2