THING 1 0.5 1 1 140 140 140
THING 2 1 1 2 140 140 140
THING 23 1 40 2 150 150 150

SPIKE 5.000 2.500 0.333 0.500 255 0 0
SPIKE 6.000 2.500 0.333 0.500 255 0 0
SPIKE 7.000 2.500 0.333 0.500 255 0 0

SPIKE 9.000 2.500 0.333 0.500 255 0 0
SPIKE 10.000 2.500 0.333 0.500 255 0 0
SPIKE 11.000 2.500 0.333 0.500 255 0 0

SPIKE 13.000 2.500 0.333 0.500 255 0 0
SPIKE 14.000 2.500 0.333 0.500 255 0 0
SPIKE 15.000 2.500 0.333 0.500 255 0 0

SPIKE 17.000 2.500 0.333 0.500 255 0 0
SPIKE 18.000 2.500 0.333 0.500 255 0 0
SPIKE 19.000 2.500 0.333 0.500 255 0 0

SPIKE 21.000 2.500 0.333 0.500 255 0 0
SPIKE 22.000 2.500 0.333 0.500 255 0 0
SPIKE 23.000 2.500 0.333 0.500 255 0 0

SPIKE 25.000 2.500 0.333 0.500 255 0 0
SPIKE 26.000 2.500 0.333 0.500 255 0 0
SPIKE 27.000 2.500 0.333 0.500 255 0 0

SPIKE 29.000 2.500 0.333 0.500 255 0 0
SPIKE 30.000 2.500 0.333 0.500 255 0 0
SPIKE 31.000 2.500 0.333 0.500 255 0 0

SPIKE 33.000 2.500 0.333 0.500 255 0 0
SPIKE 34.000 2.500 0.333 0.500 255 0 0
SPIKE 35.000 2.500 0.333 0.500 255 0 0

SPIKE 37.000 2.500 0.333 0.500 255 0 0
SPIKE 38.000 2.500 0.333 0.500 255 0 0
SPIKE 39.000 2.500 0.333 0.500 255 0 0

SPIKE 41.000 2.500 0.333 0.500 255 0 0
SPIKE 42.000 2.500 0.333 0.500 255 0 0
SPIKE 43.000 2.500 0.333 0.500 255 0 0

THING 44 1 1 1 150 150 150

BUTTON 60.000 2.250 1
BUTTON 80.000 2.250 2